Cap  15797  3571  6238  15925  3497  14269  14315  6713  3533  6835  . . .  3604  9959  3533  6181  903  . . .  3524  3571  7121  3000  3012  18431  3604  3558  2400  4414  14249  Cap  11821  . . .  2477  3070  14315  9320  ,  1879  3071  6388  ,  18313  3071  3558  1226  3533  2531  9713  ,  1785  14249  14337  404  7354  . . .  3533  628  3604  6238  3527  9635  3571  611  137  14249  14367  383  15013  3604  3565  14315  8808  3000  3111  3012  17904  ,  3533  3604  3565  14340  3008  17904  9214  . . .  14245  7975  3533  14256  3571  6181  .  e 1
Cap  3055  3571  6657  14931  6237  3104  . . .  3065  3517  3558  6685  3604  8342  11784  ,  3515  11784  14340  6921  . . .  3065  3517  3558  6685  3604  6595  . . .  3515  17656  14340  3008  . . .  3520  3558  6685  3604  8342  3571  6605  14249  3558  1377  6181  6567  . . .  6181  3070  3533  6181  3069  ,  17194  3070  6244  ,  10074  3070  3605  . . .  3558  6567  14259  3571  8753  11648  14249  8308  :  6181  . . .  10471  . . .  16009  . . .  3533  6388  14303  .   e 1
Cap  3604  3524  6181  7849  14249  470  13598  :  3571  Cap  17389  Cap  13289  . . .  14337  3574  2942  6244  3070  3559  6300  3056  3571  12038  14249  6388  3007  237  17758  3571  12038  14249  9713  ,  14340  16128  14337  6769  14249  6396  . . .  3604  7074  14297  14269  17095  3421  3558  8686  3521  7761  . . .  3604  15641  14300  6979  14249  3571  2400  3533  3571  5  . . .  3533  3604  16436  3571  7780  3070  3565  14300  6181  3024  15676  .  e 1
Cap  3604  14367  14067  3070  3571  11988  3533  11330  14249  7299  3571  10102  17052  3604  9380  3571  12431  14249  6524  1892  :  14340  6769  14337  2942  11997  3604  6331  14362  6331  14365  ,  3521  3565  8554  3001  17995  . . .  3065  3536  3571  Cap  13735  3024  3040  3015  14297  ,  3065  3536  14340  15982  14363  11330  ,  3520  3536  14297  3001  15729  .  e 1
Cap  3520  3562  3028  420  1933  3533  1497  13498  14249  13289  15837  6788  14269  14337  18358  10274  . . .  3552  12145  17686  3071  3571  18430  14249  487  11330  ,  3552  3454  17682  3071  3571  1850  15772  14249  3571  3356  7400  ,  3515  3552  17203  3604  15464  3524  628  16103  14249  10196  3524  12722  3571  7880  14249  Cap  10625  1563  6388  .  e 1
Cap  14340  15260  9214  3065  3558  5  14249  2555  3520  3558  4464  14249  8666  . . .  17361  3559  6338  3517  3578  3517  3558  17138  . . .  16905  4313  3517  3578  3517  7041  3521  CAPSLOCKON  14347  capslockoff  3007  16554  3521  14350  3533  Cap  1270  Cap  5359  3571  1928  1646  7977  14337  14371  17969  3421  3558  9320  3533  229  .  e 1
Cap  14242  3558  258  10002  14337  3532  259  16177  ,  14242  7675  3571  1563  6465  14249  14337  12421  ;  15797  6237  15925  3497  3604  9241  3571  6446  14340  6681  ,  16651  Cap  14299  17198  3533  Cap  14299  6331  ,  3520  17147  3524  3114  3067  7683  Cap  5965  6238  3030  3477  3040  14337  15420  .  e 1
Cap  3533  3531  3558  9290  14249  3024  6238  6512  3571  8598  14249  8821  . . .  15797  3552  12145  16155  3070  17236  3065  3558  2400  16103  14249  6698  . . .  3520  3558  2400  6181  14249  8378  . . .  3056  3571  1779  3008  2521  . . .  3533  3571  5  622  . . .  3533  3571  9713  18499  . . .   .  e 1
Cap  3324  ,  3604  14367  13289  14305  3017  15836  14365  14337  11661  ,  14340  15324  3065  3558  6769  3520  3558  16220  :  3524  3552  12145  15958  3256  3571  7174  3521  9713  ;  3521  3571  2474  12155  14249  4519  137  3071  10003  16418  3061  4108  3070  18305  3527  805  .  e 1
Cap  15797  3561  8808  16101  . . .  3515  14297  11330  6237  3578  3527  395  . . .  3524  14340  3027  2419  3568  6431  ,  8342  3568  6605  ,  15998  3568  7747  ,  6396  3568  9959  ,  15421  3568  6181  ,  3604  15469  3571  4315  3533  3571  9269  14249  10471  .   e 1
Cap  3604  14337  10435  12989  362  14249  14337  6759  :  14340  15324  3558  460  6769  . . .  3604  9346  14337  258  11330  14261  258  12421  . . .  3070  3558  2400  3951  3521  9300  . . .  3604  4045  573  14128  3533  573  13664  3070  17319  3068  3571  13387  14249  10471  .   e 1
Cap  3070  3571  1377  7675  14249  3571  6181  ,  3532  3558  3553  13273  3007  3012  17917  3571  10111  14249  16950  8666  3070  14300  7574  14249  8683  9748  ;  CAPSLOCKON  14347  capslockoff  3041  3065  16096  14269  14315  10451  . . .  CAPSLOCKON  14347  capslockoff  6238  14297  .   e 1
Cap  3533  3515  3571  1928  544  12745  3521  3565  14337  14371  17945  3008  9611  14245  6239  14256  3571  10102  . . .  3571  9685  3524  3571  15013  14249  8308  15674  3065  14269  3571  10462  14249  3571  9405  3520  14269  3571  7880  14249  Cap  5359  .  e 1
Cap  15797  3061  14337  12484  16101  3524  14340  3027  16155  14242  14362  3604  15421  7444  3527  8890  3105  3070  3571  Cap  11370  . . .  3533  15797  3561  3570  6698  16101  3524  14315  7772  14406  3604  15845  3571  5075  14249  14300  15420  6280  .  e 1
Cap  3604  14367  2400  13598  14295  14340  6238  3604  3571  13011  14249  3571  573  :  14340  6769  14337  6238  3524  367  7144  14249  1517  16138  3027  3065  3007  18431  3075  3421  3604  3040  18456  3071  3558  237  3556  6296  6181  .  e 1
Cap  15797  3552  12145  ,  3521  3571  222  6713  ,  15891  1699  3533  1800  13093  3521  3571  3638  3533  16138  14249  11784  . . .  3533  15960  3571  8155  6698  3604  16192  3570  13289  14243  3571  8155  16138  14249  3061  13289  .  e 1
Cap  3520  14340  3027  3111  6244  3604  9957  14362  3404  17317  14363  15420  8666  . . .  3533  3604  15754  3524  . . .  3070  3571  14293  . . .  14367  14305  3425  17945  6698  3071  16932  3571  6512  14249  3571  9461  17400  14243  14254  .  e 1
Cap  3571  16413  ,  3571  8196  ,  3571  4532  3565  14340  15960  3604  14315  6385  3026  1802  14337  10239  3533  3061  14305  15827  14297  . . .  3533  3571  6996  14269  3524  6710  3028  3477  1802  3571  6181  .  e 1
Cap  3028  14340  7139  14259  14368  11648  3558  2307  3533  1477  3951  . . .  Cap  417  3533  Cap  362  . . .  Cap  409  3533  Cap  414  . . .  3524  3028  15469  3558  3556  1504  9099  3521  3061  6223  ?  e 1
Cap  3324  ,  3515  14350  3008  13361  14249  Cap  5380  3527  13361  14249  3571  6181  ,  15453  14249  6237  3114  3571  1928  390  12146  14249  6181  3533  6732  3565  14340  15453  14249  14350  .   e 1
Cap  15797  3552  12145  15129  3604  6316  3070  3061  12580  14249  3571  7683  3571  7023  14249  Cap  19777  . . .  3604    15129  3571  1287  13223  . . .  15797  3571  17768  15925  573  .  e 1
Cap  14343  9879  13361  14249  3571  6181  . . .  15453  3065  3565  Cap  5380  3026  3041  3521  14350  ,  3520  3565  3292  14340  3028  3041  3521  3571  Cap  8666  14249  Cap  8308  .  e 1
Cap  3571  6181  3001  3055  2353  3055  ,  3521  8308  14401  3070  14299  462  11427  3571  6698  3604  15332  3061  13171  14249  383  10471  3533  3061  13171  14249  383  9099  .  e 1
Cap  3535  3026  14297  3040  2494  3070  3571  222  367  522  12723  . . .  3535  3070  3571  9099  14249  14315  3635  ,  3535  3078  3493  3070  14337  9136  3067  14315  8977  .   e 1
Cap  3533  3060  ,  14343  9879  Cap  11821  . . .  15453  3065  3565  14352  10239  3028  3041  3521  14350  . . .  15453  3565  14350  3028  3041  3521  14352  10239  .   e 1
Cap  3060  15797  6237  15958  3256  . . .  16965  3067  3552  12145  3524  5099  3001  3065  3558  6717  14249  3605  ,  3533  5108  3001  3111  9813  3604  10531  .  e 1
Cap  3292  15797  6237  15192  3571  12138  ,  16018  3571  13588  ,  15300  16009  ,  6521  3571  7486  13532  ,  3533  16389  3571  12070  3533  9344  .   e 1
Cap  17854  . . .  3074  3001  3573  14340  3028  3041  . . .  3521  14340  6434  3065  15998  3558  1497  7039  ,  14245  14072  ,  3533  9634  3098  .  e 1
Cap  3070  14352  11427  ,  14343  9879  13361  . . .  3556  14267  14344  . . .  3026  7173  3571  1563  9269  3527  10599  14249  14337  10274  .   e 1
Cap  3521  3532  3056  14337  11784  3008  2383  14285  6702  3028  14340  3040  1673  14285  6702  3524  14366  3026  3507  3040  17726  .  e 1
Cap  3057  14315  10239  3051  17861  ,  3557  4414  14249  Cap  11821  3000  3012  18314  3604  15973  9988  3604  14300  1375  10486  .   e 1
Cap  3531  3558  573  10444  3020  6331  3571  3551  14305  3008  2562  ,  14297  3020  14277  3571  3553  14305  3008  1358  .  e 1
CAPSLOCKON  14347  capslockoff  3041  3065  16006  3524  3568  14249  6237  3017  7904  12334  14242  3568  3570  14067  3527  3568  3570  4414  .  e 1
Cap  3604  14367  645  11395  3565  1491  3533  1640  11917  14340  6774  :  14340  6769  3571  10486  14249  1495  12444  .   e 1
Cap  15797  3552  12145  15192  3565  12200  15129  6237  3103  14249  16964  14367  12200  3565  15709  6237  .   e 1
Cap  15797  6237  3507  15881  3069  14249  6907  ,  3520  15797  6237  3507  6907  3604  15881  .  e 1
Cap  3571  12139  14249  1373  Cap  11821  14305  17502  3571  6685  3604  6644  16083  3571  10102  .   e 1
Cap  15797  3552  12145  15982  3604  15418  3571  11330  14249  10003  3103  14249  14300  11330  .   e 1
Cap  14340  6434  3065  15796  9214  3524  14340  3008  3571  11962  14249  3524  222  8858  .  e 1
Cap  17389  . . .  3074  3001  3573  14340  3020  3041  3070  3558  6372  14249  11330  .  e 1
Cap  3520  14315  1503  8858  14249  6244  3020  15674  3571  7129  14249  809  12155  .   e 1
Cap  3061  14315  3026  3065  3040  2494  3070  3571  222  367  371  12723  .  e 1
Cap  14340  3027  3065  3111  15378  3604  9957  14362  17317  14337  6238  .  e 1
Cap  14340  6434  3065  16171  14362  14242  3605  .   e 1
Cap  14315  3066  14340  6769  . . .  3533  3556  .  e 1
Cap  3026  14350  16155  3070  3524  1010  7679  ?  e 1
Cap  3520  15797  6237  15958  .  e 1
